{
 "cells": [
  {
   "cell_type": "code",
   "execution_count": 1,
   "metadata": {},
   "outputs": [],
   "source": [
    "import jax.numpy as jnp\n",
    "import jax.random as jrandom\n",
    "\n",
    "import matplotlib.pyplot as plt\n",
    "import pandas as pd\n",
    "from jax import jit, grad, jacfwd, jacrev\n",
    "\n",
    "\n",
    "\n",
    "from scipy.stats import linregress\n",
    "\n",
    "from tqdm import tqdm\n",
    "import pickle\n",
    "\n",
    "import numpy as np\n",
    "\n",
    "from jax.config import config\n",
    "config.update(\"jax_enable_x64\", True)\n",
    "\n",
    "import matplotlib.pyplot as plt"
   ]
  },
  {
   "cell_type": "code",
   "execution_count": 2,
   "metadata": {},
   "outputs": [],
   "source": [
    "def createU(max_row, dim):\n",
    "    I = np.eye(dim)\n",
    "    I[:, 0] = np.ones(dim)\n",
    "    Q, R = np.linalg.qr(I)\n",
    "    Q = Q.T\n",
    "    row_tmp = Q[max_row].copy()\n",
    "    Q[max_row] = Q[0]\n",
    "    Q[0] = row_tmp\n",
    "    return jnp.array(Q)\n",
    "    \n",
    "\n",
    "def get_a(D_min, sum_sqrt, dim):\n",
    "    disc = 8 * dim * D_min + sum_sqrt**2 + 8 * D_min\n",
    "    return jnp.sqrt(sum_sqrt**2 / (2 * dim * D_min) + sum_sqrt * jnp.sqrt(disc) / (2 * dim * D_min) + 1/dim + 1)\n",
    "\n",
    "def get_lambda_max(D_min, sum_sqrt, dim):\n",
    "    disc = 8 * dim * D_min + sum_sqrt**2 + 8 * D_min\n",
    "    numerator = sum_sqrt * jnp.sqrt(disc) + 4 * dim * D_min + sum_sqrt**2 + 4 * D_min\n",
    "    denom = D_min**(1.5) * 2 * jnp.sqrt(2/dim) * jnp.sqrt(sum_sqrt * jnp.sqrt(disc) + 2 * dim * D_min + sum_sqrt**2 + 2 * D_min)\n",
    "    return numerator/denom\n",
    "\n",
    "def get_full_sing_vals(D, dim):\n",
    "    D_diag = jnp.abs(jnp.diag(D))\n",
    "    max_row = jnp.argmin(D_diag)\n",
    "    sum_sqrt = jnp.sum(jnp.sqrt(D_diag)) - jnp.sqrt(D_diag[max_row])\n",
    "    lmbda_max = get_lambda_max(jnp.min(D_diag), sum_sqrt, dim)\n",
    "    a = get_a(jnp.min(D_diag), sum_sqrt, dim)\n",
    "    lmbda = np.array(jnp.sqrt(lmbda_max / (2 * a * D_diag)))\n",
    "    lmbda[max_row] = lmbda_max\n",
    "    lmbda = jnp.array(lmbda)\n",
    "    sing_val = jnp.sqrt(lmbda)\n",
    "    return sing_val\n",
    "\n",
    "def get_S(D, dim):\n",
    "    D_diag = jnp.abs(jnp.diag(D))\n",
    "    max_row = jnp.argmin(D_diag)\n",
    "    \n",
    "    sing_val = get_full_sing_vals(D, dim)\n",
    "    U = createU(max_row, dim)\n",
    "#     print(repr(U))\n",
    "#     print(sing_val)\n",
    "    return jnp.diag(sing_val) @ U\n",
    "\n",
    "# get_a(jnp.sum(jnp.sqrt(jnp.linspace(1, 1000, 5))) - 1, 5)\n",
    "# get_lambda_max(jnp.sum(jnp.sqrt(jnp.linspace(1, 1000, 5))) - 1, 5)\n",
    "\n",
    "# dim = 20\n",
    "# D = jnp.diag(jnp.linspace(1, 10, dim))\n",
    "\n",
    "\n",
    "# # print(get_S(D, dim))\n",
    "\n",
    "# # S = get_S(D, dim)\n",
    "# # print(S)\n",
    "# # jnp.diag(S.T @ D @ S)\n"
   ]
  },
  {
   "cell_type": "code",
   "execution_count": 241,
   "metadata": {},
   "outputs": [
    {
     "data": {
      "text/plain": [
       "DeviceArray([0.08690549, 0.09112856, 0.3288389 , 0.46789819, 5.84914043],            dtype=float64)"
      ]
     },
     "execution_count": 241,
     "metadata": {},
     "output_type": "execute_result"
    }
   ],
   "source": [
    "D = jnp.diag(jnp.array([7.01865533e+03, -5.80530132e+03,  3.42381262e+01,\n",
    "              8.35289994e+00, -3.12429947e+00]))\n",
    "\n",
    "0.13596339, 0.08327719, 0.04532954, 0.00731834, 0.00551171\n",
    "\n",
    "get_full_sing_vals(D, 5)"
   ]
  },
  {
   "cell_type": "code",
   "execution_count": 240,
   "metadata": {},
   "outputs": [
    {
     "data": {
      "text/plain": [
       "DeviceArray([[ 1.00000000e+00, -1.94289029e-16,  2.77555756e-17,\n",
       "              -2.77555756e-17, -1.94289029e-16],\n",
       "             [-1.94289029e-16,  1.00000000e+00, -1.11022302e-16,\n",
       "              -8.32667268e-17, -1.11022302e-16],\n",
       "             [ 2.77555756e-17, -1.11022302e-16,  1.00000000e+00,\n",
       "               2.77555756e-17,  2.77555756e-17],\n",
       "             [-2.77555756e-17, -8.32667268e-17,  2.77555756e-17,\n",
       "               1.00000000e+00,  0.00000000e+00],\n",
       "             [-1.66533454e-16, -1.11022302e-16,  2.77555756e-17,\n",
       "               0.00000000e+00,  1.00000000e+00]], dtype=float64)"
      ]
     },
     "execution_count": 240,
     "metadata": {},
     "output_type": "execute_result"
    }
   ],
   "source": [
    "U = createU(4, 5)\n",
    "U.T @ U"
   ]
  },
  {
   "cell_type": "code",
   "execution_count": 46,
   "metadata": {},
   "outputs": [],
   "source": [
    "U = jnp.array([[-4.47213595e-01, -4.47213595e-01, -4.47213595e-01,\n",
    "              -4.47213595e-01, -4.47213595e-01],\n",
    "             [ 2.23606798e-01, -8.94427191e-01,  2.23606798e-01,\n",
    "               2.23606798e-01,  2.23606798e-01],\n",
    "             [ 2.88675135e-01, -7.95269971e-20, -8.66025404e-01,\n",
    "               2.88675135e-01,  2.88675135e-01],\n",
    "             [ 4.08248290e-01, -2.91338879e-17, -1.37831229e-18,\n",
    "              -8.16496581e-01,  4.08248290e-01],\n",
    "             [-7.07106781e-01, -4.32887408e-18, -3.20844497e-17,\n",
    "              -4.32887408e-18,  7.07106781e-01]])"
   ]
  },
  {
   "cell_type": "code",
   "execution_count": 56,
   "metadata": {},
   "outputs": [
    {
     "data": {
      "text/plain": [
       "DeviceArray([43.51963602, 43.5196361 , 43.51963607, 43.51963615,\n",
       "             43.51963629], dtype=float64)"
      ]
     },
     "execution_count": 56,
     "metadata": {},
     "output_type": "execute_result"
    }
   ],
   "source": [
    "S = K @ C\n",
    "jnp.diag(S.T @ D @ S)\n",
    "\n"
   ]
  },
  {
   "cell_type": "code",
   "execution_count": 45,
   "metadata": {},
   "outputs": [],
   "source": [
    "C = jnp.array([[-0.4472136 , -0.4472136 , -0.4472136 , -0.4472136 ,\n",
    "               -0.4472136 ],\n",
    "              [ 0.57718034, -0.45474982,  0.49192436, -0.42833831,\n",
    "               -0.18601657],\n",
    "              [-0.24659302,  0.13225447,  0.46875384,  0.38810881,\n",
    "               -0.7425241 ],\n",
    "              [ 0.08714827,  0.7573563 , -0.01518982, -0.60792455,\n",
    "               -0.22139019],\n",
    "              [ 0.63123681,  0.04607368, -0.58142027,  0.31036363,\n",
    "               -0.40625385]])\n",
    "\n"
   ]
  },
  {
   "cell_type": "code",
   "execution_count": 61,
   "metadata": {},
   "outputs": [
    {
     "data": {
      "text/plain": [
       "DeviceArray([43.51963602, 43.5196361 , 43.51963607, 43.51963615,\n",
       "             43.51963629], dtype=float64)"
      ]
     },
     "execution_count": 61,
     "metadata": {},
     "output_type": "execute_result"
    }
   ],
   "source": [
    "K = jnp.diag(jnp.array([10.43398411,  0.26575781,  0.22358633,  0.20206671,\n",
    "               0.18805993])) \n",
    "\n",
    "M = jnp.diag(K**2 @ D)\n",
    "C.T**2 @ M"
   ]
  },
  {
   "cell_type": "code",
   "execution_count": 67,
   "metadata": {},
   "outputs": [
    {
     "data": {
      "text/plain": [
       "DeviceArray([43.51963602, 43.5196361 , 43.51963607, 43.51963615,\n",
       "             43.51963629], dtype=float64)"
      ]
     },
     "execution_count": 67,
     "metadata": {},
     "output_type": "execute_result"
    }
   ],
   "source": [
    "U @ jnp.diag(S) @ V @ M "
   ]
  },
  {
   "cell_type": "code",
   "execution_count": 80,
   "metadata": {},
   "outputs": [
    {
     "name": "stdout",
     "output_type": "stream",
     "text": [
      "[21.77360532  5.89978348  1.52144457  0.23265537 14.09214727]\n",
      "[21.77360532  3.66233516  0.43763827 17.57098184  0.07507552]\n",
      "[2.17736053e+01 4.28558065e+00 5.49774071e+00 7.06806932e-03\n",
      " 1.19556413e+01]\n",
      "[21.77360532  3.24927786  3.76878688 11.32126377  3.40670232]\n",
      "[21.77360532  0.6127965  13.79480878  1.5014549   5.83697079]\n"
     ]
    }
   ],
   "source": [
    "for c in C.T**2 * M:\n",
    "    print(c)"
   ]
  },
  {
   "cell_type": "code",
   "execution_count": 73,
   "metadata": {},
   "outputs": [
    {
     "name": "stdout",
     "output_type": "stream",
     "text": [
      "[0.2        0.33313714 0.06080812 0.00759482 0.39845991]\n",
      "[0.2        0.2067974  0.01749124 0.57358857 0.00212278]\n",
      "[2.00000004e-01 2.41989576e-01 2.19730163e-01 2.30730632e-04\n",
      " 3.38049530e-01]\n",
      "[0.2        0.18347371 0.15062845 0.36957226 0.09632558]\n",
      "[0.2        0.03460216 0.55134204 0.04901362 0.16504219]\n"
     ]
    }
   ],
   "source": [
    "for c in C.T ** 2:\n",
    "    print(c)"
   ]
  },
  {
   "cell_type": "code",
   "execution_count": 78,
   "metadata": {},
   "outputs": [
    {
     "name": "stdout",
     "output_type": "stream",
     "text": [
      "[1.00000002e+00 3.65644182e-04 3.10057595e+00 5.57175554e-02\n",
      " 8.43340826e-01]\n",
      "[1.00000002 1.49881273 0.02165516 1.3204032  1.15912896]\n",
      "[1.00000002 0.78823013 1.47478582 0.73564277 1.00134126]\n",
      "[1.00000002 0.99019571 0.36201792 2.41282037 0.23496602]\n",
      "[1.00000002 1.7223958  0.04096516 0.47541613 1.76122294]\n"
     ]
    }
   ],
   "source": [
    "for c in B.T ** 2:\n",
    "    print(c * 5)"
   ]
  },
  {
   "cell_type": "code",
   "execution_count": 47,
   "metadata": {},
   "outputs": [
    {
     "name": "stdout",
     "output_type": "stream",
     "text": [
      "[ 1.19436309e-08 -8.09331769e-01 -7.79346243e-01  2.43290130e-01\n",
      " -1.89068011e+00]\n",
      "[ 8.09331745e-01  5.10365977e-09  8.70047440e-01 -1.64182974e+00\n",
      "  7.72171386e-01]\n",
      "[ 7.79346250e-01 -8.70047443e-01  6.02375930e-09  1.28891903e+00\n",
      " -4.55546644e-01]\n",
      "[-2.43290102e-01  1.64182973e+00 -1.28891900e+00 -6.96852231e-09\n",
      " -1.65363383e+00]\n",
      "[ 1.89068008e+00 -7.72171359e-01  4.55546637e-01  1.65363385e+00\n",
      " -7.00696501e-09]\n"
     ]
    }
   ],
   "source": [
    "for c in jnp.linalg.inv(C + jnp.eye(5)) @ (C - jnp.eye(5)):\n",
    "    print(c)"
   ]
  },
  {
   "cell_type": "code",
   "execution_count": 82,
   "metadata": {},
   "outputs": [
    {
     "data": {
      "text/plain": [
       "(DeviceArray([[-0.4472136 ,  0.35341363,  0.27414726,  0.0465463 ,\n",
       "                0.77315944],\n",
       "              [-0.44721359, -0.29677024,  0.59876541,  0.47028514,\n",
       "               -0.36364722],\n",
       "              [-0.4472136 ,  0.69182802, -0.31865065,  0.05715823,\n",
       "               -0.46536941],\n",
       "              [-0.4472136 , -0.25529142,  0.11731913, -0.83865877,\n",
       "               -0.13309388],\n",
       "              [-0.44721359, -0.49318   , -0.67158115,  0.26466911,\n",
       "                0.18895107]], dtype=float64),\n",
       " DeviceArray([1.00000000e+00, 5.97480386e-01, 3.90639263e-01,\n",
       "              5.51504575e-09, 4.88415764e-10], dtype=float64),\n",
       " DeviceArray([[-4.47213603e-01, -4.47213592e-01, -4.47213599e-01,\n",
       "               -4.47213590e-01, -4.47213593e-01],\n",
       "              [-5.17088249e-09, -3.88935019e-01,  8.30547609e-01,\n",
       "               -3.96033832e-01, -4.55787679e-02],\n",
       "              [-1.75644874e-10,  3.04836223e-01, -1.70961658e-01,\n",
       "               -7.26060105e-01,  5.92185539e-01],\n",
       "              [ 2.29606162e-01,  6.29964849e-01,  1.12664236e-01,\n",
       "               -3.05685681e-01, -6.66549573e-01],\n",
       "              [ 8.64454165e-01, -3.98683735e-01, -2.61284418e-01,\n",
       "               -1.50167230e-01, -5.43188001e-02]], dtype=float64))"
      ]
     },
     "execution_count": 82,
     "metadata": {},
     "output_type": "execute_result"
    }
   ],
   "source": [
    "jnp.linalg.svd(A.T**2)"
   ]
  },
  {
   "cell_type": "code",
   "execution_count": 81,
   "metadata": {},
   "outputs": [
    {
     "data": {
      "text/plain": [
       "(DeviceArray([[-0.44721359,  0.28642998, -0.63047695,  0.55682182,\n",
       "                0.10201054],\n",
       "              [-0.44721359, -0.72725972,  0.01035339, -0.0679079 ,\n",
       "                0.51611493],\n",
       "              [-0.4472136 ,  0.35946335, -0.21427645, -0.79025185,\n",
       "                0.01933167],\n",
       "              [-0.44721359, -0.31745577,  0.09442641,  0.06281193,\n",
       "               -0.82846856],\n",
       "              [-0.44721361,  0.39882213,  0.73997357,  0.238526  ,\n",
       "                0.19101141]], dtype=float64),\n",
       " DeviceArray([1.00000000e+00, 6.33195052e-01, 4.50330661e-01,\n",
       "              2.48079465e-09, 8.66883350e-11], dtype=float64),\n",
       " DeviceArray([[-4.47213603e-01, -4.47213588e-01, -4.47213606e-01,\n",
       "               -4.47213585e-01, -4.47213595e-01],\n",
       "              [-8.04698366e-09, -1.96357297e-02,  4.03905667e-01,\n",
       "               -8.09647306e-01,  4.25377350e-01],\n",
       "              [-9.51947251e-09, -4.81462778e-01,  7.48254227e-01,\n",
       "                1.60475299e-01, -4.27266760e-01],\n",
       "              [ 2.67299207e-02, -7.25949868e-01, -1.70852281e-01,\n",
       "                2.55343379e-01,  6.14728848e-01],\n",
       "              [ 8.94027687e-01, -2.02002047e-01, -2.18598521e-01,\n",
       "               -2.31341059e-01, -2.42086079e-01]], dtype=float64))"
      ]
     },
     "execution_count": 81,
     "metadata": {},
     "output_type": "execute_result"
    }
   ],
   "source": [
    "jnp.linalg.svd(C.T**2) "
   ]
  },
  {
   "cell_type": "code",
   "execution_count": 16,
   "metadata": {},
   "outputs": [
    {
     "data": {
      "text/plain": [
       "DeviceArray(97.22041339, dtype=float64)"
      ]
     },
     "execution_count": 16,
     "metadata": {},
     "output_type": "execute_result"
    }
   ],
   "source": [
    "jnp.sum(jnp.sqrt(jnp.linspace(1, 1000, 5))) - 1"
   ]
  },
  {
   "cell_type": "code",
   "execution_count": 146,
   "metadata": {},
   "outputs": [
    {
     "data": {
      "text/plain": [
       "DeviceArray([[ 9.97048242,  2.15995514,  3.60895226],\n",
       "             [ 2.15995514, 10.30142713,  2.15995514],\n",
       "             [ 3.60895226,  2.15995514,  9.97048242]], dtype=float64)"
      ]
     },
     "execution_count": 146,
     "metadata": {},
     "output_type": "execute_result"
    }
   ],
   "source": [
    "opt_S.T @ D @ opt_S"
   ]
  },
  {
   "cell_type": "code",
   "execution_count": 151,
   "metadata": {},
   "outputs": [
    {
     "data": {
      "text/plain": [
       "10.080797323333334"
      ]
     },
     "execution_count": 151,
     "metadata": {},
     "output_type": "execute_result"
    }
   ],
   "source": [
    "(2*9.97048242 + 10.30142713)/3"
   ]
  },
  {
   "cell_type": "code",
   "execution_count": null,
   "metadata": {},
   "outputs": [],
   "source": [
    "[3.91262303 0.35023522 0.29524507]"
   ]
  },
  {
   "cell_type": "code",
   "execution_count": 149,
   "metadata": {},
   "outputs": [
    {
     "data": {
      "text/plain": [
       "DeviceArray(10.06519117, dtype=float64)"
      ]
     },
     "execution_count": 149,
     "metadata": {},
     "output_type": "execute_result"
    }
   ],
   "source": [
    "jnp.sum(jnp.array([3.9117881 , 0.35492379, 0.29209514])**2 * D) / 3."
   ]
  },
  {
   "cell_type": "code",
   "execution_count": 42,
   "metadata": {},
   "outputs": [
    {
     "data": {
      "text/plain": [
       "(DeviceArray([[-1.00000000e+00, -2.22044605e-16, -3.26821903e-15,\n",
       "                4.28129754e-15,  3.88578059e-16,  2.67147415e-15,\n",
       "               -2.87270208e-15,  4.85722573e-16, -4.49640325e-15,\n",
       "                1.81452076e-15,  2.27595720e-15, -1.05471187e-15,\n",
       "                4.45823933e-16, -5.78703752e-15, -2.96984659e-15,\n",
       "               -4.94049246e-15, -8.61116733e-15,  2.42861287e-15,\n",
       "                8.18789481e-16, -9.43689571e-16],\n",
       "              [ 2.88280142e-16, -1.00000000e+00,  3.58231637e-09,\n",
       "               -8.93056651e-10,  1.36363554e-09,  4.45704760e-10,\n",
       "               -3.50154918e-10, -1.25798001e-09, -8.33229120e-10,\n",
       "               -4.26380498e-11, -8.62726208e-10,  9.79654069e-11,\n",
       "                1.61108850e-10, -8.19892406e-10, -1.46668452e-09,\n",
       "                6.90878873e-10, -6.44612529e-10, -2.70035468e-10,\n",
       "                6.15594922e-10,  6.18145810e-10],\n",
       "              [-3.30296260e-15,  3.58231662e-09,  1.00000000e+00,\n",
       "               -2.42813177e-09,  5.34808331e-10,  6.28360408e-10,\n",
       "               -4.60732437e-10,  1.03750962e-09,  2.95643808e-10,\n",
       "               -5.78941253e-10,  1.03297722e-09,  1.57082308e-10,\n",
       "                2.00367757e-10,  7.89461013e-10,  8.44177587e-10,\n",
       "               -4.39676455e-10, -2.95669964e-10,  6.55415833e-10,\n",
       "               -5.97181083e-10, -1.08972584e-09],\n",
       "              [ 4.23932401e-15, -8.93056626e-10,  2.42813197e-09,\n",
       "                1.00000000e+00,  8.63267489e-09,  2.31231965e-09,\n",
       "               -2.06652836e-09, -1.72606356e-09, -3.24766148e-09,\n",
       "               -1.49024757e-09,  2.14371731e-09,  1.00693568e-09,\n",
       "                4.61625047e-10,  8.90820401e-10, -1.09104178e-09,\n",
       "                1.28176961e-10, -1.36600017e-09, -4.07697580e-11,\n",
       "               -6.22557633e-10, -4.76978198e-11],\n",
       "              [-3.13766165e-16, -1.36363538e-09,  5.34808355e-10,\n",
       "                8.63267515e-09, -1.00000000e+00,  4.32487410e-09,\n",
       "               -4.57228288e-09, -8.47215289e-10, -1.45522786e-09,\n",
       "               -1.25162385e-09,  1.61842322e-09,  5.74472597e-10,\n",
       "                2.34613507e-10,  5.55102083e-10, -3.89920610e-10,\n",
       "               -8.13947148e-11, -1.23201515e-09, -1.90226984e-10,\n",
       "                1.47421986e-10, -8.30493518e-11],\n",
       "              [-2.63468402e-15, -4.45704703e-10,  6.28360421e-10,\n",
       "                2.31231958e-09, -4.32487395e-09, -1.00000000e+00,\n",
       "               -2.13923475e-09,  4.02491422e-10, -1.73862789e-09,\n",
       "                1.33706922e-10, -6.09571967e-10, -4.41210002e-10,\n",
       "               -6.14017993e-10, -3.51799749e-10, -7.54885278e-10,\n",
       "                4.66783730e-10, -1.00386812e-09, -1.43367472e-10,\n",
       "               -1.17669914e-10, -3.46853159e-12],\n",
       "              [ 2.88639020e-15,  3.50154966e-10, -4.60732605e-10,\n",
       "               -2.06652835e-09,  4.57228314e-09,  2.13923450e-09,\n",
       "               -1.00000000e+00,  4.95305191e-09,  2.68561296e-09,\n",
       "                9.27166406e-10, -3.48353492e-09, -4.15859082e-10,\n",
       "               -1.16028523e-09, -2.58542620e-09, -1.04198389e-09,\n",
       "                5.85919021e-10,  1.81025143e-09,  2.57117045e-10,\n",
       "                6.57745142e-10,  7.34443772e-10],\n",
       "              [ 4.51283385e-16, -1.25797992e-09, -1.03750965e-09,\n",
       "                1.72606326e-09, -8.47214991e-10,  4.02491371e-10,\n",
       "                4.95305162e-09,  1.00000000e+00, -1.61837035e-08,\n",
       "               -2.04232001e-09,  1.24827783e-09,  5.54548896e-10,\n",
       "                1.57144648e-09, -3.69699892e-10, -2.56055894e-09,\n",
       "                1.91734035e-09, -1.75503624e-09, -6.38753760e-10,\n",
       "               -3.04075382e-11,  1.14822604e-09],\n",
       "              [ 4.37904220e-15,  8.33229111e-10,  2.95643916e-10,\n",
       "               -3.24766170e-09,  1.45522760e-09,  1.73862808e-09,\n",
       "               -2.68561298e-09, -1.61837033e-08, -1.00000000e+00,\n",
       "                2.67549427e-09, -7.02503794e-09, -2.98364377e-09,\n",
       "               -2.05873192e-09, -6.36432415e-11,  5.35288896e-09,\n",
       "               -1.33406670e-09,  3.94426587e-09,  5.13378404e-10,\n",
       "                8.66341470e-10, -1.50426528e-09],\n",
       "              [-1.88453811e-15,  4.26381083e-11, -5.78941192e-10,\n",
       "               -1.49024754e-09,  1.25162387e-09, -1.33707062e-10,\n",
       "               -9.27166518e-10, -2.04231973e-09, -2.67549384e-09,\n",
       "               -1.00000000e+00, -1.79300861e-08,  1.51997604e-09,\n",
       "                4.27798137e-12, -2.80503664e-09,  8.68096455e-11,\n",
       "                6.07230449e-10,  1.19504275e-09, -1.21205757e-10,\n",
       "                7.86707849e-10,  1.38071372e-09],\n",
       "              [-2.27782422e-15,  8.62726126e-10,  1.03297722e-09,\n",
       "                2.14371741e-09, -1.61842325e-09,  6.09571929e-10,\n",
       "                3.48353481e-09,  1.24827778e-09,  7.02503780e-09,\n",
       "                1.79300853e-08, -1.00000000e+00,  6.85826618e-09,\n",
       "                6.31205971e-09,  1.21578758e-08,  2.93961484e-09,\n",
       "               -4.04116672e-09, -5.12350764e-09,  7.89493515e-10,\n",
       "               -2.54894914e-09, -1.88263785e-09],\n",
       "              [-9.98348876e-16,  9.79652839e-11, -1.57082069e-10,\n",
       "               -1.00693550e-09,  5.74472703e-10, -4.41209531e-10,\n",
       "               -4.15858931e-10, -5.54549082e-10, -2.98364400e-09,\n",
       "                1.51997583e-09,  6.85826587e-09,  1.00000000e+00,\n",
       "               -8.01693123e-09, -4.05910895e-09,  1.86591963e-09,\n",
       "                1.10054461e-09, -3.51830591e-10, -1.43125887e-10,\n",
       "                1.86550024e-10,  9.60648156e-11],\n",
       "              [-4.79184623e-16, -1.61108819e-10,  2.00367668e-10,\n",
       "                4.61625199e-10, -2.34613515e-10,  6.14018031e-10,\n",
       "                1.16028510e-09,  1.57144641e-09,  2.05873192e-09,\n",
       "               -4.27814281e-12, -6.31205968e-09, -8.01693097e-09,\n",
       "               -1.00000000e+00,  1.00350916e-08, -1.11727312e-09,\n",
       "                8.06780555e-11, -3.47450760e-09,  8.38357666e-11,\n",
       "               -4.12763740e-10, -4.85921829e-10],\n",
       "              [-5.76552941e-15, -8.19892451e-10, -7.89460993e-10,\n",
       "               -8.90820415e-10,  5.55102112e-10, -3.51799735e-10,\n",
       "               -2.58542599e-09,  3.69699889e-10, -6.36436938e-11,\n",
       "               -2.80503670e-09,  1.21578759e-08,  4.05910914e-09,\n",
       "                1.00350920e-08,  1.00000000e+00, -3.01070919e-08,\n",
       "                8.93054774e-09,  2.03279574e-09,  4.48934128e-10,\n",
       "                4.19104901e-09,  4.43177561e-09],\n",
       "              [-3.00940479e-15, -1.46668444e-09, -8.44177752e-10,\n",
       "                1.09104177e-09, -3.89920607e-10, -7.54885287e-10,\n",
       "               -1.04198393e-09,  2.56055887e-09,  5.35288889e-09,\n",
       "                8.68096563e-11,  2.93961479e-09, -1.86591970e-09,\n",
       "               -1.11727315e-09,  3.01070918e-08,  1.00000000e+00,\n",
       "                2.12170269e-08, -1.42481158e-08, -2.19394494e-09,\n",
       "                3.76455039e-09,  7.52907050e-09],\n",
       "              [ 4.92623870e-15, -6.90878938e-10, -4.39676423e-10,\n",
       "                1.28177061e-10,  8.13947575e-11, -4.66783667e-10,\n",
       "               -5.85919143e-10,  1.91734051e-09,  1.33406651e-09,\n",
       "               -6.07230492e-10,  4.04116690e-09,  1.10054453e-09,\n",
       "               -8.06780550e-11,  8.93054837e-09,  2.12170264e-08,\n",
       "               -1.00000000e+00, -6.03807124e-09, -3.77959281e-09,\n",
       "                2.15644554e-09,  4.76976358e-09],\n",
       "              [-8.62504512e-15, -6.44612485e-10,  2.95669977e-10,\n",
       "                1.36600033e-09, -1.23201521e-09, -1.00386814e-09,\n",
       "                1.81025146e-09,  1.75503656e-09,  3.94426597e-09,\n",
       "                1.19504271e-09, -5.12350751e-09,  3.51830278e-10,\n",
       "               -3.47450778e-09, -2.03279491e-09,  1.42481165e-08,\n",
       "               -6.03807102e-09,  1.00000000e+00, -1.65770743e-09,\n",
       "               -5.22952342e-09,  1.16341286e-09],\n",
       "              [-2.36616282e-15,  2.70035408e-10,  6.55415749e-10,\n",
       "               -4.07699020e-11,  1.90226976e-10,  1.43367463e-10,\n",
       "               -2.57116892e-10, -6.38753889e-10, -5.13378482e-10,\n",
       "                1.21205908e-10, -7.89493142e-10, -1.43125669e-10,\n",
       "               -8.38356627e-11,  4.48934368e-10, -2.19394480e-09,\n",
       "                3.77959275e-09, -1.65770718e-09, -1.00000000e+00,\n",
       "               -7.75191798e-09, -8.58452212e-09],\n",
       "              [ 8.18789481e-16,  6.15594943e-10,  5.97181174e-10,\n",
       "                6.22557718e-10,  1.47421919e-10, -1.17669814e-10,\n",
       "                6.57744892e-10,  3.04074062e-11,  8.66341630e-10,\n",
       "                7.86707907e-10, -2.54894868e-09, -1.86550373e-10,\n",
       "               -4.12763832e-10, -4.19104905e-09, -3.76455038e-09,\n",
       "                2.15644509e-09,  5.22952376e-09, -7.75191770e-09,\n",
       "                1.00000000e+00, -1.82643920e-08],\n",
       "              [-9.29811783e-16,  6.18145767e-10,  1.08972606e-09,\n",
       "                4.76979661e-11, -8.30490815e-11, -3.46832068e-12,\n",
       "                7.34443639e-10, -1.14822572e-09, -1.50426505e-09,\n",
       "                1.38071377e-09, -1.88263791e-09, -9.60649160e-11,\n",
       "               -4.85921851e-10, -4.43177570e-09, -7.52907055e-09,\n",
       "                4.76976318e-09, -1.16341280e-09, -8.58452220e-09,\n",
       "                1.82643923e-08,  1.00000000e+00]], dtype=float64),\n",
       " DeviceArray([10.06808195,  1.36071852,  1.26913369,  1.20190003,\n",
       "               1.14938925,  1.10665643,  1.07084617,  1.04017004,\n",
       "               1.01343863,  0.9898236 ,  0.9687265 ,  0.94970189,\n",
       "               0.93240989,  0.9165857 ,  0.90201924,  0.88854131,\n",
       "               0.87601371,  0.86432225,  0.85337155,  0.8430812 ],            dtype=float64),\n",
       " DeviceArray([[-2.23606798e-01, -2.23606798e-01, -2.23606798e-01,\n",
       "               -2.23606798e-01, -2.23606798e-01, -2.23606798e-01,\n",
       "               -2.23606798e-01, -2.23606798e-01, -2.23606798e-01,\n",
       "               -2.23606798e-01, -2.23606798e-01, -2.23606798e-01,\n",
       "               -2.23606798e-01, -2.23606798e-01, -2.23606798e-01,\n",
       "               -2.23606798e-01, -2.23606798e-01, -2.23606798e-01,\n",
       "               -2.23606798e-01, -2.23606798e-01],\n",
       "              [-1.46560957e-01,  2.00737687e-01,  1.73301822e-01,\n",
       "                1.07869487e-01,  5.16847787e-02, -3.48766839e-01,\n",
       "                4.21613612e-01,  6.61005838e-02, -2.81494092e-01,\n",
       "               -3.43305539e-01,  2.11983678e-01,  4.01496759e-02,\n",
       "               -3.79156687e-01,  1.29857259e-01,  5.83439417e-03,\n",
       "               -2.55271319e-01,  1.03907750e-01, -6.48210033e-04,\n",
       "                3.21745867e-01, -7.95829511e-02],\n",
       "              [ 6.71958919e-02, -2.77745367e-01,  2.51064790e-01,\n",
       "               -1.91453771e-01, -2.96766507e-02, -2.19959484e-01,\n",
       "                6.17158114e-03,  2.94743445e-01, -4.91199451e-03,\n",
       "                7.51398309e-02, -3.54823885e-02, -8.74255845e-02,\n",
       "               -3.58300295e-01, -2.50364492e-01, -1.97033849e-01,\n",
       "                3.58527661e-01,  3.22970657e-01, -7.31073641e-02,\n",
       "               -8.85200465e-02,  4.38167430e-01],\n",
       "              [-6.36983132e-02, -1.30848087e-01,  3.30139908e-01,\n",
       "                1.83125218e-01,  4.06084022e-01, -9.60996648e-03,\n",
       "               -7.54860455e-03, -2.62850668e-01,  2.24071235e-01,\n",
       "               -1.21404439e-01, -2.88088313e-01,  1.10292994e-01,\n",
       "               -1.64303488e-01,  2.95278943e-01,  1.97942265e-01,\n",
       "               -1.37909646e-01,  1.46990828e-02, -3.55289128e-01,\n",
       "               -3.53961050e-01,  1.33878036e-01],\n",
       "              [ 3.80155562e-01,  3.01424937e-01, -5.13533762e-02,\n",
       "                2.52427040e-02, -1.50311820e-01, -1.36841784e-01,\n",
       "               -1.85118964e-01,  1.16037611e-02, -2.24185299e-02,\n",
       "                1.60695083e-02,  2.87420593e-01,  5.00032942e-01,\n",
       "               -8.47949341e-02, -4.33643123e-02, -1.69110687e-01,\n",
       "                3.41341643e-02, -2.55042195e-01, -4.81122470e-01,\n",
       "               -7.93789336e-02,  1.02773833e-01],\n",
       "              [-1.06992243e-01,  1.26090949e-03, -3.92598673e-01,\n",
       "                4.47307615e-01, -2.64933241e-01,  1.34512043e-01,\n",
       "                1.67943269e-01, -2.63466382e-01,  3.73928718e-01,\n",
       "               -2.55860741e-01, -5.29856752e-02,  3.58313108e-02,\n",
       "               -1.43101214e-01, -4.47767946e-02, -2.19990419e-01,\n",
       "                2.48933943e-01,  2.92732433e-01, -9.93528737e-02,\n",
       "                8.83453202e-02,  5.32626951e-02],\n",
       "              [ 2.38512166e-01, -1.99367738e-01,  1.70072595e-02,\n",
       "                1.03008123e-01, -3.59851268e-02,  4.12513918e-01,\n",
       "               -1.70876802e-01,  2.85130225e-01, -1.12980084e-01,\n",
       "               -3.01056799e-01, -9.95063910e-02, -1.48694539e-01,\n",
       "                8.19104397e-02,  1.88966758e-01, -2.95969686e-01,\n",
       "               -4.11335618e-01, -7.65878403e-03, -1.11537843e-01,\n",
       "                2.51452949e-01,  3.16467574e-01],\n",
       "              [-2.61278161e-01, -3.17700779e-02,  1.21065121e-01,\n",
       "                3.38022292e-01, -1.33848782e-01,  5.00317569e-02,\n",
       "                3.93902191e-02,  9.58840004e-02, -4.71821662e-01,\n",
       "                2.40611829e-01, -3.07868307e-01,  4.57178357e-01,\n",
       "                1.62127466e-01, -2.22264766e-02, -2.62413858e-01,\n",
       "               -5.15244079e-02,  1.94720456e-01,  9.39339382e-02,\n",
       "               -1.95823368e-01, -5.43903343e-02],\n",
       "              [ 4.54424913e-01,  2.42967322e-02,  2.83180602e-01,\n",
       "                3.51041761e-01,  3.39519713e-02,  1.24316349e-01,\n",
       "                9.47315304e-02, -2.32152879e-01, -1.51168026e-01,\n",
       "               -7.63586236e-02, -1.68709490e-01, -1.27048074e-01,\n",
       "               -9.25755264e-02, -5.99034976e-01,  1.41951060e-01,\n",
       "                2.59256315e-04, -1.57667644e-01,  1.25159837e-01,\n",
       "                4.98369888e-02, -7.84357637e-02],\n",
       "              [-7.18761256e-02,  7.52300361e-02, -1.19844735e-01,\n",
       "               -9.48301119e-02,  5.55805404e-01,  1.75542269e-01,\n",
       "                3.28638034e-01,  4.92611721e-02,  2.23128109e-02,\n",
       "                1.75225276e-01, -1.25581311e-01, -3.87332787e-02,\n",
       "               -7.71958810e-02, -7.57564638e-02, -5.24714312e-01,\n",
       "                1.79712338e-01, -3.13914747e-01, -1.25915110e-01,\n",
       "                1.32628492e-01, -1.25993756e-01],\n",
       "              [ 1.89284521e-01, -5.90217790e-01,  1.33798938e-01,\n",
       "               -3.13366273e-03,  7.20876116e-02, -1.01063747e-01,\n",
       "                1.98744999e-01, -7.64348528e-02,  1.22503880e-01,\n",
       "               -9.31016230e-02,  4.32870002e-01,  1.34938597e-01,\n",
       "                2.95886146e-01, -5.35006360e-02, -2.21807267e-01,\n",
       "               -1.01040977e-01,  1.53166553e-01, -2.90136486e-02,\n",
       "               -1.17666317e-01, -3.46300726e-01],\n",
       "              [-2.27773293e-01,  3.16697605e-01,  2.37553429e-01,\n",
       "               -3.02358066e-01,  8.26968615e-02,  3.48579044e-01,\n",
       "               -1.19223609e-01, -2.23622623e-01,  9.12198700e-02,\n",
       "               -3.09264860e-01,  2.52247069e-01,  1.64349888e-01,\n",
       "               -4.04282426e-02, -2.30916066e-01, -2.35838906e-01,\n",
       "               -1.16677044e-01,  1.37476633e-01,  2.98617593e-01,\n",
       "               -2.52624292e-01,  1.29289012e-01],\n",
       "              [ 4.08058973e-02,  9.24162039e-02,  4.33705865e-02,\n",
       "               -3.33887099e-02,  8.14926670e-02,  1.01761590e-01,\n",
       "               -1.95810079e-01, -4.45349106e-01, -1.92501328e-01,\n",
       "                4.74808255e-01,  1.82705841e-01, -2.35071485e-01,\n",
       "               -8.51279462e-02,  3.03150870e-02, -9.59027336e-02,\n",
       "               -1.58850693e-01,  4.50875841e-01, -2.69545978e-01,\n",
       "                2.49257246e-01, -3.62611565e-02],\n",
       "              [-1.45700054e-01, -5.91217173e-02,  1.94228646e-01,\n",
       "               -1.00661023e-01, -3.39485845e-01,  3.56424413e-02,\n",
       "                4.50540932e-01, -3.51480924e-01, -1.39224891e-01,\n",
       "                7.12452692e-02,  8.82852381e-02, -1.48397431e-01,\n",
       "                3.06544161e-01,  8.96157928e-02, -2.20871770e-02,\n",
       "                8.36941359e-02, -3.14757277e-01, -1.41284245e-01,\n",
       "               -6.51416847e-03,  4.48918137e-01],\n",
       "              [ 2.99694756e-01,  6.39432568e-02,  2.75621362e-03,\n",
       "               -1.60083803e-01,  1.39121966e-01, -4.05704349e-01,\n",
       "               -1.72547333e-01, -3.57020616e-01, -8.78741838e-02,\n",
       "               -2.42718480e-01, -3.13748839e-01,  1.01545506e-01,\n",
       "                2.56761341e-01,  2.33893437e-01, -2.44001694e-01,\n",
       "                2.06124702e-01,  9.51770138e-02,  2.80021074e-01,\n",
       "                2.12962574e-01,  9.16974574e-02],\n",
       "              [ 3.75523596e-01,  1.95558884e-01, -2.17078077e-01,\n",
       "                5.40494476e-02,  3.97092697e-03,  6.70999903e-02,\n",
       "                2.19604651e-01,  3.83718559e-02, -2.76652429e-01,\n",
       "               -2.63489176e-02,  1.03333565e-01, -3.30959696e-01,\n",
       "               -9.74122247e-02,  3.08095483e-01, -9.33640406e-02,\n",
       "                7.18628641e-02,  1.32693610e-01,  1.19190557e-01,\n",
       "               -6.05969985e-01, -4.15700603e-02],\n",
       "              [ 1.74539282e-01,  2.20646657e-01,  2.21087919e-01,\n",
       "               -4.04899083e-01, -2.95977354e-01,  1.65486219e-01,\n",
       "                2.88417961e-01,  1.26454826e-01,  1.57769728e-01,\n",
       "               -7.62925535e-02, -3.95527298e-01,  3.21004406e-02,\n",
       "                1.12096226e-01,  2.19991330e-03,  2.49629632e-02,\n",
       "               -8.84879175e-03,  2.70555887e-01, -3.00029024e-01,\n",
       "                4.22003136e-02, -3.56944232e-01],\n",
       "              [ 1.30532072e-01, -4.36934185e-02, -4.88635240e-01,\n",
       "               -2.16640134e-01,  1.88205084e-01, -9.74711242e-02,\n",
       "                3.11970020e-01, -4.72869418e-02,  1.68219492e-02,\n",
       "                9.21408261e-02, -1.33873362e-01,  2.38994327e-01,\n",
       "                7.53809090e-02, -2.90901817e-01,  1.96538945e-01,\n",
       "               -4.29223082e-01,  1.93651609e-01,  2.69725010e-02,\n",
       "               -5.85067869e-02,  3.35023664e-01],\n",
       "              [ 1.41741960e-01,  1.64040557e-02,  1.53052121e-01,\n",
       "                4.09416536e-02, -2.72501367e-01, -1.56225695e-01,\n",
       "                6.84679304e-02, -5.23529486e-02,  4.29638727e-01,\n",
       "                3.89798959e-01, -1.03306096e-01,  8.11266102e-03,\n",
       "               -2.91886259e-01,  1.51316077e-01, -2.91059959e-01,\n",
       "               -3.83362962e-01, -1.73942503e-01,  3.60471373e-01,\n",
       "               -3.46839225e-02, -6.23805730e-04],\n",
       "              [ 1.34639547e-01, -3.51695392e-01, -9.76238299e-02,\n",
       "               -2.58035668e-01, -9.43353121e-02,  3.87800477e-01,\n",
       "                6.08770112e-02, -2.13716848e-01, -2.18364840e-01,\n",
       "                1.66694226e-02, -1.18334934e-02,  3.57686652e-01,\n",
       "               -4.54327149e-01,  2.37289838e-01,  1.90551999e-01,\n",
       "                1.87091316e-01, -1.01080830e-01,  1.68397050e-01,\n",
       "                1.37129401e-01, -7.71193530e-02]], dtype=float64))"
      ]
     },
     "execution_count": 42,
     "metadata": {},
     "output_type": "execute_result"
    }
   ],
   "source": [
    "jnp.linalg.svd(opt_S)"
   ]
  },
  {
   "cell_type": "code",
   "execution_count": null,
   "metadata": {},
   "outputs": [],
   "source": [
    "[10.06808195  1.36071852  1.26913369  1.20190003  1.14938925  1.10665642\n",
    "  1.07084617  1.04017004  1.01343863  0.9898236   0.9687265   0.94970189\n",
    "  0.93240989  0.9165857   0.90201924  0.88854131  0.87601371  0.86432225\n",
    "  0.85337155  0.8430812 ]"
   ]
  },
  {
   "cell_type": "code",
   "execution_count": null,
   "metadata": {},
   "outputs": [],
   "source": [
    "[\n",
    "    [ 1,  1,  1,  1,  1,  1], \n",
    "    [-1, -1, -1,  1,  1,  1],\n",
    "    [-1,  1,  1, -1, -1,  1],\n",
    "    [ 1,  1,  1,  1, -1, -1]\n",
    "]"
   ]
  },
  {
   "cell_type": "code",
   "execution_count": 242,
   "metadata": {},
   "outputs": [],
   "source": [
    "\n",
    "\n",
    "def helper_linesearch(f, g, c1, c2):\n",
    "\n",
    "    def helper(X, search_direction):\n",
    "        f0 = f(X)\n",
    "        f1 = g(X)\n",
    "        dg = jnp.inner(search_direction, f1)\n",
    "\n",
    "        def armijo_rule(alpha):\n",
    "            return f(X + alpha * search_direction) > f0 + c1*alpha*dg\n",
    "        \n",
    "        def armijo_update(alpha):\n",
    "            return c2*alpha\n",
    "            \n",
    "        alpha = 1\n",
    "        while armijo_rule(alpha):\n",
    "            alpha = armijo_update(alpha)\n",
    "\n",
    "\n",
    "        return alpha\n",
    "\n",
    "    return helper\n",
    "\n",
    "def loss_getter(dim, N, H, sig):\n",
    "    sing_vals = jnp.diag(get_full_sing_vals(H, dim))\n",
    "    def helper(X):\n",
    "\n",
    "        U = X.reshape(N, dim).T\n",
    "        S = sing_vals @ U\n",
    "        \n",
    "        S_inv = jnp.linalg.inv(S)\n",
    "        \n",
    "        first_term = S_inv.T @ jnp.diag(S.T @ H @ S)\n",
    "        second_term = jnp.linalg.norm(S_inv, ord=\"fro\")**2\n",
    "        third_term = S_inv.T @ jnp.ones(dim)\n",
    "        third_term = jnp.linalg.norm(third_term)**2\n",
    "        \n",
    "        return jnp.linalg.norm(first_term)**2 + sig**2 * (second_term + third_term)\n",
    "\n",
    "    return helper\n",
    "\n",
    "# def loss_getter(dim, N, H, sig):\n",
    "#     sing_vals = jnp.diag(get_full_sing_vals(H, dim))\n",
    "#     def helper(X):\n",
    "\n",
    "#         S = X.reshape(N, dim).T\n",
    "        \n",
